#qdh len dcnum dcstate1 dcstate2 ...

18  35.2    2 1 1
18  35.2    2 1 2
18  76.62   2 2 1
18  74      2 2 2

19  48.1    2 1 1
19  48.1    2 1 2
19  91.3    2 2 1
19  83.4    2 2 2

68  305
67  230
66  240.8
70  307.4
69  308.3

29  53.6    2 2 1
29  53.6    2 2 2
29  85.3    2 1 1
29  83.4    2 1 2

33  105.6
77  42.7

28  51.7    2 2 1
28  51.7    2 2 2
28  81.4    2 1 1

34  88.9    2 1 2
34  91.6    2 1 1
34  34      2 2 1
34  34      2 2 2

36  52.3    2 1 2
36  52.3    2 1 1
36  92.4    2 2 1
36  92.7    2 2 2

76  394.5
104 46.3
72  247.3
71  154

21  47.8    1 1
21  47.9    1 2




