2012-05-11 19:26:12: 011 11.23 3 
2012-05-11 19:26:48: 011 11.23 3 110
2012-05-11 19:27:46: 011 11.23 3 1 1 0 
2012-05-11 19:28:29: 011 11.23 3 1 1 0 
2012-05-11 19:28:55: 011 11.23 3 1 1 1 
2012-05-11 19:29:21 011 11.23 3 1 1 1 
2012-05-11 19:34:15 011 11.23 3 1 1 1 
2012-05-11 19:35:29 011 11.23 3 1 1 1 
2012-05-11 19:36:51 011 11.23 3 1 1 1 
2012-05-11 23:47:44 011 11.23 3 1 1 1 
2012-05-12 08:38:17 011 11.23 3 1 1 1 
2012-05-12 08:41:48 011 11.23 3 1 1 1 
2012-05-12 08:41:54 011 11.23 3 1 1 1 
2012-05-12 08:42:26 011 11.23 3 1 1 1 
2012-05-12 08:42:58 011 11.23 3 1 1 1 
2012-05-12 08:43:14 011 11.23 3 1 1 1 
2012-05-12 08:43:35 011 11.23 3 1 1 1 
2012-05-12 08:43:39 011 11.23 3 1 1 1 
2012-05-12 08:44:21 011 11.23 3 1 1 1 
2012-05-12 08:46:16 011 11.23 3 1 1 1 
2012-05-12 08:47:12 011 11.23 3 1 1 1 
2012-05-12 08:51:37 011 11.23 3 1 1 1 
2012-05-12 08:52:08 011 11.23 3 1 1 1 
2012-05-12 08:53:00 011 11.23 3 1 1 1 
2012-05-12 08:53:10 011 11.23 3 1 1 1 
2012-05-12 08:55:48 011 11.23 3 1 1 1 
2012-05-12 08:56:05 011 11.23 3 1 1 1 
2012-05-12 08:56:29 011 11.23 3 1 1 1 
2012-05-12 08:57:02 011 11.23 3 1 1 1 
2012-05-12 08:58:24 011 11.23 3 1 1 1 
2012-05-12 08:58:40 011 11.23 3 1 1 1 
2012-05-12 08:59:55 011 11.23 3 1 1 1 
2012-05-12 09:02:30 011 11.23 3 1 1 1 
2012-05-12 09:02:54 011 11.23 3 1 1 1 
2012-05-12 09:03:06 011 11.23 3 1 1 1 
2012-05-12 09:09:51 011 11.23 3 1 1 1 
2012-05-12 09:11:27 011 11.23 3 1 1 1 
2012-05-12 09:11:37 011 11.23 3 1 1 1 
2012-05-12 09:14:33 011 11.23 3 1 1 1 
2012-05-12 09:14:54 011 11.23 3 1 1 1 
2012-05-12 09:15:11 011 11.23 3 1 1 1 
2012-05-12 09:16:26 011 11.23 3 1 1 1 
2012-05-12 09:17:53 011 11.23 3 1 1 1 
2012-05-12 09:19:12 011 11.23 3 1 1 1 
2012-05-12 09:19:25 011 11.23 3 1 1 1 
2012-05-12 09:19:40 011 11.23 3 1 1 1 
2012-05-12 09:20:03 011 11.23 3 1 1 1 
2012-05-12 09:20:30 011 11.23 3 1 1 1 
2012-05-12 09:20:42 011 11.23 3 1 1 1 
2012-05-12 09:20:58 011 11.23 3 1 1 1 
2012-05-12 09:21:04 011 11.23 3 1 1 1 
2012-05-12 09:59:52 011 11.23 3 1 1 1 
2012-05-13 09:12:07 011 11.23 3 1 1 1 
2012-05-18 16:01:20 011 11.23 3 1 1 1 
2012-05-18 16:02:23 011 11.23 3 1 1 1 
2012-05-18 16:13:22 011 11.23 3 1 1 1 
2012-06-02 09:59:16 011 11.23 3 1 1 1 
2012-06-02 10:45:46 011 11.23 3 1 1 1 
2012-06-02 10:59:32 011 11.23 3 1 1 1 
2012-06-02 11:02:40 011 11.23 3 1 1 1 
2012-06-02 12:52:02 011 11.23 3 1 1 1 
2012-06-02 14:47:39 011 11.23 3 1 1 1 
2012-06-02 14:48:28 011 11.23 3 1 1 1 
2012-06-02 14:52:14 011 11.23 3 1 1 1 
2012-06-02 15:09:55 011 11.23 3 1 1 1 
2012-06-02 15:10:51 011 11.23 3 1 1 1 
2012-06-05 11:45:44 011 11.23 3 1 1 1 
2013-01-30 18:55:39 011 11.23 3 1 1 1 
